135.796500
145.980200
158.876400
167.247100
135.387900
125.678100
167.038700
157.384600
160.169500
114.716400
134.842600
167.221600
157.268300
147.734100
137.154300
179.748300
156.485600
157.177400
138.151700
116.224900
126.152500
137.558100
136.695900
144.870700
157.304200
179.218200
137.220400
114.525100
146.176700
177.370800
158.386400
138.456200
137.376200
136.079900
167.235400
167.620000
136.884100
137.545200
157.339300
157.970600
148.258900
137.528500
178.890400
137.820900
145.866700
147.916100
147.866300
177.394400
146.269000
135.998500
147.263100
167.735500
189.837000
124.397300
179.994000
138.973100
148.180000
167.557900
146.420600
178.665200
135.361400
137.463100
148.604400
157.048500
156.721200
146.299300
167.154900
186.274700
147.682100
157.650800
168.660300
167.396300
138.357200
125.339400
169.087000
168.861400
157.790000
146.902800
114.656100
181.095800
148.846600
104.088700
156.936000
126.579700
158.365100
222.581100
147.243300
169.560900
146.223500
136.892200
136.070700
148.552600
147.776400
158.633500
148.055300
135.965900
178.969800
135.635900
167.828500
123.423600
