136.188900
146.816400
158.876400
167.247100
135.393500
126.309600
167.235800
158.026900
160.169500
115.200000
135.648700
167.718800
157.468100
147.734100
137.154300
180.260200
156.560900
158.042200
138.308500
116.925600
126.152500
138.145800
136.773800
145.113900
157.304200
180.157800
137.220400
114.900400
146.295500
177.370800
159.312100
138.530800
137.969600
136.079900
167.235400
167.919000
137.064100
137.710800
157.339300
157.970600
148.258900
137.528500
179.419000
138.504200
145.866700
148.146500
147.866300
177.394400
146.912000
135.998500
148.100400
168.717200
189.837000
124.705000
179.994000
139.036700
148.300900
167.557900
146.420600
178.742000
136.063600
137.463100
148.752400
157.048500
157.347000
146.456900
167.156500
186.274700
147.957300
157.988900
168.860700
168.019100
138.483800
126.325800
169.328700
168.994600
157.790000
146.902800
114.656100
181.204300
148.846600
104.088700
157.120400
127.174400
158.821200
222.859900
147.289200
169.565400
146.645100
137.515900
136.952300
148.552600
147.776400
158.633500
148.055300
136.395000
179.437100
136.474700
168.776700
124.375600
